1997
0.00000000000000e+00
0.00000000000000e+00
0.00000000000000e+00
2.14569471552860e+03
0.00000000000000e+00
0.00000000000000e+00
3.51246097140309e+03
0.00000000000000e+00
0.00000000000000e+00
4.47344513495829e+03
0.00000000000000e+00
0.00000000000000e+00
4.71896086902292e+03
0.00000000000000e+00
0.00000000000000e+00
4.60595234899666e+03
0.00000000000000e+00
0.00000000000000e+00
4.65477950314563e+03
0.00000000000000e+00
0.00000000000000e+00
4.45123677041200e+03
0.00000000000000e+00
0.00000000000000e+00
3.21264820590315e+03
0.00000000000000e+00
0.00000000000000e+00
1.89300429183203e+03
0.00000000000000e+00
0.00000000000000e+00
0.00000000000000e+00
0.00000000000000e+00
0.00000000000000e+00
0.00000000000000e+00
1.48440002374901e+02
0.00000000000000e+00
4.81087377670605e+02
-1.69136889620375e+02
0.00000000000000e+00
1.04603561660667e+03
1.96537694499581e+02
0.00000000000000e+00
1.62198016402564e+03
-3.50496457541405e+01
0.00000000000000e+00
9.83057887112953e+02
-3.79813816140514e+02
0.00000000000000e+00
-5.86446012899733e+02
6.78602262206430e+01
0.00000000000000e+00
-2.16790219448282e+03
-4.14243037825802e+02
0.00000000000000e+00
-2.45596968838545e+03
-4.09026717456806e+02
0.00000000000000e+00
-1.37743239617464e+03
-2.34042228598938e+02
0.00000000000000e+00
-6.73518661733470e+02
1.16773096457499e+02
0.00000000000000e+00
0.00000000000000e+00
3.63700253684097e+01
0.00000000000000e+00
0.00000000000000e+00
2.94941862343744e+02
0.00000000000000e+00
3.90736179389688e+03
-3.48171469682704e+02
0.00000000000000e+00
6.32631941896980e+03
2.26321845744130e+02
0.00000000000000e+00
7.82947242645185e+03
-8.01109800070596e+01
0.00000000000000e+00
8.93382606532693e+03
-5.99918807835342e+02
0.00000000000000e+00
9.97971285974837e+03
1.04307924151002e+02
0.00000000000000e+00
1.12604994589302e+04
-6.27581548670036e+02
0.00000000000000e+00
1.07876542259231e+04
-6.57493698848927e+02
0.00000000000000e+00
6.97028312651141e+03
-3.09367827767923e+02
0.00000000000000e+00
4.00043178701310e+03
1.89838107871114e+02
0.00000000000000e+00
0.00000000000000e+00
8.11790492942700e+01
0.00000000000000e+00
0.00000000000000e+00
3.86248061230577e+02
0.00000000000000e+00
2.83537002395553e+03
-4.02803922407403e+02
0.00000000000000e+00
4.34803712083822e+03
2.94067809185348e+02
0.00000000000000e+00
5.18627783070428e+03
-6.55208964236075e+01
0.00000000000000e+00
6.26613676828188e+03
-5.69708508449514e+02
0.00000000000000e+00
8.06663527508080e+03
1.51386031218302e+02
0.00000000000000e+00
1.03662645837114e+04
-4.22564303970162e+02
0.00000000000000e+00
1.04692055297305e+04
-2.17518641780136e+02
0.00000000000000e+00
5.76419177964352e+03
1.76027467390055e+01
0.00000000000000e+00
3.39847048556073e+03
5.25354236187944e+01
0.00000000000000e+00
0.00000000000000e+00
6.05976319666486e+00
0.00000000000000e+00
0.00000000000000e+00
4.91359147240352e+02
0.00000000000000e+00
2.86366790120196e+03
-4.96725275793359e+02
0.00000000000000e+00
4.62449394688757e+03
5.52287118353920e+02
0.00000000000000e+00
5.76489106975524e+03
-6.18391603870244e+01
0.00000000000000e+00
6.91599113978648e+03
-6.78528966096896e+02
0.00000000000000e+00
8.43715485717817e+03
2.29627124758269e+02
0.00000000000000e+00
1.02340304701965e+04
-2.46913003967939e+02
0.00000000000000e+00
1.01709843049899e+04
3.17388432210914e+02
0.00000000000000e+00
6.12420209490532e+03
2.28089493627270e+02
0.00000000000000e+00
3.57301807322445e+03
-1.51767192047004e+02
0.00000000000000e+00
0.00000000000000e+00
-8.69276779317196e+01
0.00000000000000e+00
0.00000000000000e+00
6.16155327578167e+02
0.00000000000000e+00
3.18054954804949e+03
-5.86392042265242e+02
0.00000000000000e+00
4.84429629252337e+03
7.64147498287084e+02
0.00000000000000e+00
5.69265426839276e+03
-4.44112262485315e+01
0.00000000000000e+00
6.68274131613357e+03
-7.55154814251469e+02
0.00000000000000e+00
8.35955939137841e+03
3.05995040365707e+02
0.00000000000000e+00
1.06041406187466e+04
-5.19626221767772e+01
0.00000000000000e+00
1.05999136396115e+04
8.45844373329683e+02
0.00000000000000e+00
5.79412265198658e+03
4.43811522045969e+02
0.00000000000000e+00
3.40761619038055e+03
-3.54786071105076e+02
0.00000000000000e+00
0.00000000000000e+00
-1.80832389355369e+02
0.00000000000000e+00
0.00000000000000e+00
6.68057433390899e+02
0.00000000000000e+00
1.63907745451317e+03
-6.37192459343784e+02
0.00000000000000e+00
3.10515796925918e+03
9.52625093212723e+02
0.00000000000000e+00
4.43654305646327e+03
-5.27345518591685e+01
0.00000000000000e+00
5.98264077729120e+03
-8.35530308656935e+02
0.00000000000000e+00
7.91380761936620e+03
3.47055060798097e+02
0.00000000000000e+00
9.58810949678360e+03
1.29945675172768e+02
0.00000000000000e+00
9.84814115399534e+03
1.29504514959027e+03
0.00000000000000e+00
6.71765725286547e+03
7.62659930050746e+02
0.00000000000000e+00
3.91290341542444e+03
-4.93601720194625e+02
0.00000000000000e+00
0.00000000000000e+00
-2.53507497691162e+02
0.00000000000000e+00
0.00000000000000e+00
5.33953432640190e+02
0.00000000000000e+00
1.05073323591507e+02
-5.72740648775074e+02
0.00000000000000e+00
1.45177017847435e+02
8.54768189148077e+02
0.00000000000000e+00
1.51032282463992e+01
-3.17593810107030e+01
0.00000000000000e+00
-1.96908086042916e+02
-6.94222085822263e+02
0.00000000000000e+00
-2.92231112954852e+02
2.55796069899070e+02
0.00000000000000e+00
-2.86999378864226e+02
1.24620255851975e+02
0.00000000000000e+00
-2.20370334148874e+02
1.09752233324895e+03
0.00000000000000e+00
3.81511801078901e+01
6.78832667945926e+02
0.00000000000000e+00
4.67370077433572e+01
-4.07286734688762e+02
0.00000000000000e+00
0.00000000000000e+00
-1.89899364189379e+02
0.00000000000000e+00
0.00000000000000e+00
3.99849441190009e+02
0.00000000000000e+00
-7.05313992796105e+02
-5.21103305267276e+02
0.00000000000000e+00
-1.14323838265297e+03
6.65871237518754e+02
0.00000000000000e+00
-1.07344206705021e+03
-1.32698292806402e+01
0.00000000000000e+00
-4.77273920436469e+02
-5.02616507145603e+02
0.00000000000000e+00
5.91176328211534e+02
1.62708275235488e+02
0.00000000000000e+00
1.73258385168355e+03
5.64999014013416e+01
0.00000000000000e+00
2.39906159430688e+03
6.65038966769955e+02
0.00000000000000e+00
1.98331740449190e+03
3.97000375127797e+02
0.00000000000000e+00
1.23700984911806e+03
-2.70785978443052e+02
0.00000000000000e+00
0.00000000000000e+00
-1.26291202225439e+02
0.00000000000000e+00
0.00000000000000e+00
2.23958751563810e+02
0.00000000000000e+00
-3.17134692162679e+03
-3.21274382362634e+02
0.00000000000000e+00
-4.81263018598640e+03
3.51271255832594e+02
0.00000000000000e+00
-4.73298991408122e+03
-1.82497471742228e+01
0.00000000000000e+00
-3.42490830181697e+03
-2.61895838585933e+02
0.00000000000000e+00
-2.18355886971788e+03
8.35836828377838e+01
0.00000000000000e+00
-1.06789760634876e+03
3.93023426862192e+01
0.00000000000000e+00
-2.70484647280626e+02
3.54978363906031e+02
0.00000000000000e+00
1.40085564479280e+02
2.19263258868010e+02
0.00000000000000e+00
1.94893890901341e+02
-1.34998918196469e+02
0.00000000000000e+00
0.00000000000000e+00
-6.30300505679358e+01
0.00000000000000e+00
0.00000000000000e+00
0.00000000000000e+00
0.00000000000000e+00
-1.88448802094678e+03
0.00000000000000e+00
0.00000000000000e+00
-2.94230070891530e+03
0.00000000000000e+00
0.00000000000000e+00
-2.94922962648434e+03
0.00000000000000e+00
0.00000000000000e+00
-2.05576959485278e+03
0.00000000000000e+00
0.00000000000000e+00
-9.26247502214548e+02
0.00000000000000e+00
0.00000000000000e+00
2.21207394155304e+02
0.00000000000000e+00
0.00000000000000e+00
9.86089330107241e+02
0.00000000000000e+00
0.00000000000000e+00
1.03201600609404e+03
0.00000000000000e+00
0.00000000000000e+00
7.02301244761533e+02
0.00000000000000e+00
0.00000000000000e+00
0.00000000000000e+00
0.00000000000000e+00
0.00000000000000e+00
0.00000000000000e+00
0.00000000000000e+00
-6.32225330465528e+04
1.74394808635434e+03
0.00000000000000e+00
-6.24807173354793e+04
3.51230829703053e+03
0.00000000000000e+00
-6.06839149016139e+04
4.14890429239045e+03
0.00000000000000e+00
-5.83634954972052e+04
4.32497557814615e+03
0.00000000000000e+00
-5.51541816471443e+04
4.19787120338654e+03
0.00000000000000e+00
-5.29741406100216e+04
3.77185845869007e+03
0.00000000000000e+00
-5.44637571991077e+04
3.86966379805245e+03
0.00000000000000e+00
-5.53224476008155e+04
2.98188087054436e+03
0.00000000000000e+00
-5.35783229453066e+04
1.75327705913677e+03
0.00000000000000e+00
-5.28330637097091e+04
0.00000000000000e+00
0.00000000000000e+00
-5.23795251546037e+04
0.00000000000000e+00
-2.18830618175450e+02
-5.89039127430826e+04
4.06051912334634e+02
9.74870049151602e+01
-5.89157938529430e+04
1.04781462522230e+03
5.47991768799734e+02
-5.93284929288715e+04
1.91783622820211e+03
-8.63106468566218e+02
-5.87901985340890e+04
2.04604574178329e+03
-2.70852407544360e+03
-5.47795052420189e+04
-2.87880335618030e+02
3.09106631520178e+02
-5.27762881316131e+04
-2.43940643720460e+03
2.79464405189257e+03
-5.79133156976453e+04
-2.17997507005514e+03
2.56062483226653e+03
-6.34451056618937e+04
-1.24857403849556e+03
2.10230858969436e+03
-6.67806095558609e+04
-7.27325352458505e+02
8.60504732833856e+02
-6.83366828993476e+04
0.00000000000000e+00
2.50035760640938e+02
-6.89066314800437e+04
0.00000000000000e+00
-2.89618190062165e+02
-6.86940311898035e+04
3.26986382244010e+03
-2.93560304335925e+01
-6.74705537108466e+04
6.34232119458975e+03
2.86003429034717e+02
-6.20274668001571e+04
6.93502764700429e+03
-1.56617524494109e+03
-5.64071471548042e+04
7.27124325377838e+03
-4.21804422790050e+03
-5.60866127862682e+04
9.33141520192314e+03
3.90884890097852e+02
-5.53199257497602e+04
1.05413989639349e+04
4.31634165823999e+03
-5.13363891376251e+04
1.02321715954707e+04
3.82027187378426e+03
-4.51903765544877e+04
7.08644282704504e+03
2.86039626479332e+03
-3.54148913032585e+04
4.20487647816360e+03
1.27869359896672e+03
-3.06285082203179e+04
0.00000000000000e+00
3.59843054302727e+02
-2.86956528548216e+04
0.00000000000000e+00
-1.05314679681773e+02
-6.09648761918004e+04
2.37927402187825e+03
-6.30909062688545e+02
-6.02004354321044e+04
4.66032391764063e+03
-1.74440535889928e+03
-5.52050083918398e+04
4.31986238799381e+03
-1.58492480182879e+03
-5.04929801347259e+04
4.36341410577952e+03
-2.52581021987878e+03
-5.32556754966398e+04
7.43040610798456e+03
1.06346521278694e+02
-5.42929017790163e+04
9.85238450514758e+03
3.11375257191154e+03
-4.89882231671764e+04
1.00601081237117e+04
1.60572565349372e+03
-3.98080864629641e+04
6.19269750646358e+03
4.75133557745371e+02
-2.51140652783729e+04
3.76385377927121e+03
3.26734244085674e+02
-2.00814795386463e+04
0.00000000000000e+00
9.93223711920623e+01
-1.78179851467369e+04
0.00000000000000e+00
1.17258282659938e+02
-6.31356577653830e+04
2.44386092762224e+03
-1.16956171212759e+03
-6.24037910154792e+04
4.75070608780094e+03
-3.82480020513757e+03
-5.77534823413668e+04
4.92671524901489e+03
-1.36144007882323e+03
-5.32034405074783e+04
5.27226535504328e+03
-3.08041917677482e+02
-5.49622555983658e+04
7.79545306336345e+03
-1.55987960522818e+02
-5.54000091744300e+04
9.70624922525715e+03
1.70802110613429e+03
-5.06474645884161e+04
9.78068997908544e+03
-1.19592912479695e+03
-4.25097648494180e+04
6.42117456614872e+03
-2.02773564808081e+03
-2.96693624996665e+04
3.87807099631831e+03
-6.19900690451296e+02
-2.46627090264418e+04
0.00000000000000e+00
-2.15035568460731e+02
-2.25377803707806e+04
0.00000000000000e+00
3.48316193199473e+02
-6.18329898421444e+04
2.64732825111477e+03
-1.78026755194427e+03
-6.09292923101891e+04
5.17608371774157e+03
-6.17430138001464e+03
-5.54682806114905e+04
4.78593751621960e+03
-1.22887048888793e+03
-5.02692395366694e+04
4.70166668800981e+03
1.99468001843725e+03
-5.30039125979708e+04
7.76440015141659e+03
-4.45434401830556e+02
-5.41154057382274e+04
1.00951949113667e+04
2.84698849543224e+02
-4.88094723452195e+04
1.01826244666058e+04
-3.97238760929401e+03
-3.96363190763434e+04
6.21111189835873e+03
-4.51602525740209e+03
-2.49679819119156e+04
3.76740418207991e+03
-1.55713446113824e+03
-1.99519594333428e+04
0.00000000000000e+00
-5.26225003621195e+02
-1.76981432095493e+04
0.00000000000000e+00
4.69194201458769e+02
-6.19963519002075e+04
1.40560339729762e+03
-2.22116890639738e+03
-6.15609175107479e+04
2.74862695335418e+03
-7.60485771302541e+03
-6.00311321211420e+04
3.68632150944727e+03
-1.04425246506457e+03
-5.85491431169320e+04
4.91747110441600e+03
3.53064730214706e+03
-5.81775064205903e+04
6.97817834774295e+03
-6.55926204958568e+02
-5.69306364626598e+04
8.81081377475445e+03
-9.03885028121693e+02
-5.30796707392497e+04
9.31699655374861e+03
-6.24487597355362e+03
-4.65915254090207e+04
6.89844447840565e+03
-6.93091123951847e+03
-3.65212197255447e+04
4.14073229714868e+03
-2.52870821235312e+03
-3.15516221031248e+04
0.00000000000000e+00
-7.92285008111463e+02
-2.95275479265374e+04
0.00000000000000e+00
4.36309290837800e+02
-6.51464322173267e+04
6.28904968897876e+01
-2.40699076853299e+03
-6.49620979164486e+04
1.15549538277524e+02
-7.30102292046037e+03
-6.49076246504756e+04
4.36814050297004e+01
-1.08361215986763e+03
-6.49638207642935e+04
-1.16716746572975e+02
3.04514295143860e+03
-6.46486738375223e+04
-3.10640476047784e+02
-5.20053239762168e+02
-6.46770027242027e+04
-4.89054747489980e+02
-8.75266003479257e+02
-6.50898942284183e+04
-4.85290355605785e+02
-5.43654983734996e+03
-6.59992595285070e+04
-2.27044521140978e+02
-6.14492969907555e+03
-6.80145141501337e+04
-1.83959247398784e+02
-2.17549201548719e+03
-6.90490719516179e+04
0.00000000000000e+00
-7.01762571404638e+02
-6.93760726854760e+04
0.00000000000000e+00
3.20728024642436e+02
-5.65815938391974e+04
-8.83768269922623e+02
-2.28050812611032e+03
-5.69598904058860e+04
-1.34967295595722e+03
-6.25459560441633e+03
-5.88577889275141e+04
-1.19412821089955e+03
-9.92382789944611e+02
-6.08025943566886e+04
-5.41036021430327e+02
2.19431916440655e+03
-6.14125590428659e+04
4.44645628089765e+02
-2.38797096855222e+02
-6.15834960781648e+04
1.38555863135262e+03
-3.94424957955648e+02
-6.11725969114583e+04
1.99409084140945e+03
-3.29748798040151e+03
-6.03021039518235e+04
1.77212481862014e+03
-3.73256493199014e+03
-5.94548003271350e+04
1.07181318654957e+03
-1.33052894588377e+03
-5.91122464682828e+04
0.00000000000000e+00
-4.23905327765212e+02
-5.88041067529523e+04
0.00000000000000e+00
1.80253423228906e+02
-4.37107314801379e+04
-3.07311822761591e+03
-1.28624976151753e+03
-4.62899308082222e+04
-4.70230268823199e+03
-3.45778684076020e+03
-5.43655372328320e+04
-3.76322116740609e+03
-5.10547221566343e+02
-6.05726032421609e+04
-2.55395631452875e+03
1.19528617680534e+03
-6.21478346693604e+04
-1.62768570964523e+03
-1.01619669539903e+02
-6.29375575464521e+04
-8.80600284523428e+02
-2.02254319215818e+02
-6.35369767113504e+04
-2.67163899674119e+02
-1.71326951792015e+03
-6.40338848989476e+04
1.00929383551949e+02
-1.95141700996823e+03
-6.50887281562412e+04
9.31041849074635e+01
-6.88533789511151e+02
-6.56514928100498e+04
0.00000000000000e+00
-2.28166835995757e+02
-6.57591439324527e+04
0.00000000000000e+00
0.00000000000000e+00
-4.91456667772848e+04
-1.98091657979208e+03
0.00000000000000e+00
-5.06839613004384e+04
-3.05904480947250e+03
0.00000000000000e+00
-5.63712665101888e+04
-2.53656846976713e+03
0.00000000000000e+00
-6.08576238907057e+04
-1.62447429689363e+03
0.00000000000000e+00
-6.18358211973510e+04
-6.77606641690290e+02
0.00000000000000e+00
-6.23123153424239e+04
1.60718716446619e+02
0.00000000000000e+00
-6.24755477623045e+04
7.82309069884650e+02
0.00000000000000e+00
-6.23843033767598e+04
8.91391516204056e+02
0.00000000000000e+00
-6.26959625746755e+04
5.52363601095240e+02
0.00000000000000e+00
-6.29085645117151e+04
0.00000000000000e+00
0.00000000000000e+00
-6.28417265023569e+04
0.00000000000000e+00
0.00000000000000e+00
-1.21281596623153e+05
5.48481183707212e+02
0.00000000000000e+00
-1.20675211662229e+05
1.31246100835367e+03
0.00000000000000e+00
-1.17232370920517e+05
2.98466254731454e+03
0.00000000000000e+00
-1.10774082589842e+05
4.47861249271205e+03
0.00000000000000e+00
-1.07281023718005e+05
4.33731193454519e+03
0.00000000000000e+00
-9.96066463725628e+04
3.08568105407454e+03
0.00000000000000e+00
-1.05574034167450e+05
2.94275000489086e+03
0.00000000000000e+00
-1.07140710360711e+05
2.59402667485484e+03
0.00000000000000e+00
-1.02787771429095e+05
1.15370172140763e+03
0.00000000000000e+00
-1.00645824513924e+05
0.00000000000000e+00
0.00000000000000e+00
-9.99776102271274e+04
0.00000000000000e+00
9.10755023662348e+02
-1.12868119024879e+05
3.47602774443416e+02
-8.80707203310965e+02
-1.12743868371912e+05
9.22377289751534e+02
2.35445715048965e+03
-1.13871407195500e+05
2.40754385401969e+03
-1.18239549104836e+03
-1.14313514145550e+05
3.50722526166206e+03
-8.12055160412249e+03
-1.05771090904615e+05
2.39683794760635e+03
-1.10444969380497e+02
-9.63714427750811e+04
-4.54320421456187e+02
3.29475471098504e+03
-1.13146470710208e+05
-9.69460768127703e+02
1.91229873810709e+03
-1.22925132801841e+05
-6.46578384533331e+02
3.57447205341080e+03
-1.27693205689366e+05
-5.51746792901577e+02
1.27300394030865e+03
-1.31679597077284e+05
0.00000000000000e+00
-5.39521241030920e+02
-1.32542761753588e+05
0.00000000000000e+00
2.17887054898739e+03
-1.31684845353341e+05
9.36366347643614e+02
-1.80720883742739e+03
-1.31463730716368e+05
1.96941581443530e+03
2.62909805872428e+03
-1.21124864089417e+05
3.92806829793082e+03
-2.13267100200715e+03
-1.03956978200623e+05
6.15749375203235e+03
-1.29703453548780e+04
-1.10047059124438e+05
7.13163147360918e+03
-4.53519147267896e+02
-1.07165797906676e+05
7.88287682419085e+03
5.44016876462169e+03
-9.81133955269183e+04
8.13050971183044e+03
2.84683114126701e+03
-8.75812590796843e+04
6.62086099769631e+03
5.27129671568245e+03
-6.88011289799967e+04
3.21891922976237e+03
1.91908536731874e+03
-5.64390110431655e+04
0.00000000000000e+00
-8.25241823528917e+02
-5.36793557600602e+04
0.00000000000000e+00
3.45489194765737e+03
-1.16190789482534e+05
5.83814098506754e+02
-2.08330722906884e+03
-1.16741563702751e+05
1.66035156125050e+03
-7.25546474411455e+02
-1.08581893113345e+05
1.66042077690301e+03
-1.82875901541653e+03
-9.04567699605969e+04
2.35712706686878e+03
-9.60153535778908e+03
-1.05767064201549e+05
4.49402984358458e+03
-9.50847387684675e+02
-1.06008522552428e+05
6.94472376430661e+03
4.65006897813635e+03
-9.39896369196619e+04
8.51574380095211e+03
1.17032140900360e+03
-7.75878182438425e+04
5.70362350895159e+03
1.42071748337587e+03
-5.00494570307154e+04
2.31893686524864e+03
6.55142200586513e+02
-3.55386943989641e+04
0.00000000000000e+00
-3.10872540013425e+02
-3.26873901108356e+04
0.00000000000000e+00
4.60589645929066e+03
-1.20691050519467e+05
6.92535226668746e+02
-2.30625759789158e+03
-1.20962885921100e+05
1.67423507628743e+03
-3.83789952771677e+03
-1.12898685278737e+05
2.19965865600533e+03
-1.14571095475728e+03
-9.72693326788810e+04
3.22705917994798e+03
-5.19480996523930e+03
-1.08109102838748e+05
5.02480828941793e+03
-1.04243732654237e+03
-1.07689032661172e+05
6.96856984827792e+03
3.54646876526288e+03
-9.70391145051318e+04
8.12195774903690e+03
-1.15908449256020e+03
-8.26696838992592e+04
5.95057600692236e+03
-3.11385482926638e+03
-5.84349890578456e+04
2.63790484240424e+03
-7.01950427062267e+02
-4.45981667791903e+04
0.00000000000000e+00
2.32923972880039e+02
-4.18378757300518e+04
0.00000000000000e+00
5.85129541975639e+03
-1.17876596576406e+05
6.24046349357730e+02
-2.51809413125741e+03
-1.18358644679800e+05
1.75694885131247e+03
-7.46781396460876e+03
-1.09349362128897e+05
1.98255804039886e+03
-5.43139749548423e+02
-8.96066603623552e+04
2.87337752817921e+03
-6.97094534038040e+02
-1.05517953332110e+05
4.93626397893007e+03
-1.33431526673114e+03
-1.05707657809490e+05
7.21975703853094e+03
2.54590144167357e+03
-9.35476326672942e+04
8.58713753889055e+03
-3.43167633430502e+03
-7.72265576887400e+04
5.71099971902875e+03
-7.60939193541287e+03
-4.97374326773130e+04
2.31203692229247e+03
-2.03246783983461e+03
-3.52921667565187e+04
0.00000000000000e+00
7.70487016318126e+02
-3.24598782788318e+04
0.00000000000000e+00
6.85582959453255e+03
-1.18754166947309e+05
5.43116182055919e+02
-2.78678551908267e+03
-1.18560877579080e+05
1.27228048370592e+03
-9.63119648569772e+03
-1.15332620424628e+05
1.36550495630160e+03
-4.74065093202783e+01
-1.11124900065103e+05
1.92883710068015e+03
2.46713193025384e+03
-1.12060882650524e+05
3.81180455664763e+03
-1.38480004930327e+03
-1.10176268650600e+05
5.83355659819189e+03
1.53956494831760e+03
-1.02191556699914e+05
7.46351679762069e+03
-5.23844693711614e+03
-9.04072126834283e+04
6.45073428688751e+03
-1.15260014838782e+04
-7.11330488650316e+04
3.21280472143729e+03
-3.35194419167905e+03
-5.82033885544766e+04
0.00000000000000e+00
1.30039445088914e+03
-5.52771784275577e+04
0.00000000000000e+00
7.32182357942851e+03
-1.25277060497049e+05
3.85434676744067e+01
-3.15821117028952e+03
-1.25173729438622e+05
1.50405852744935e+02
-9.54970036912080e+03
-1.24919145494024e+05
1.34445668955563e+02
-3.17807190903457e+01
-1.24904016033223e+05
6.71253049473089e+00
2.46688024756991e+03
-1.24324449620801e+05
-2.22962855522596e+02
-1.10320535922894e+03
-1.24426976583379e+05
-5.82244716072262e+02
1.13784512515816e+03
-1.25303905774727e+05
-8.51361138160621e+02
-4.58683302643949e+03
-1.26902770072789e+05
-6.96613147573924e+02
-9.97473657743048e+03
-1.30530593268381e+05
-3.63088773450893e+02
-2.91752525155571e+03
-1.33084103682194e+05
0.00000000000000e+00
1.13049705627184e+03
-1.33468598947873e+05
0.00000000000000e+00
7.30699531914760e+03
-1.08227591335125e+05
-8.74194533390601e+02
-3.29016133497109e+03
-1.08552016789835e+05
-1.40279162645847e+03
-8.36378018440505e+03
-1.12999706616289e+05
-1.09135387681408e+03
-4.74970221890859e+01
-1.16753798451870e+05
-5.12771242468538e+02
1.62869795884694e+03
-1.18074661720679e+05
1.94015870288989e+02
-7.32093380993849e+02
-1.18762612434426e+05
8.26901010528985e+02
9.10031269860962e+02
-1.17877938942117e+05
1.32278705045542e+03
-2.81021745143625e+03
-1.16252656504559e+05
1.32111877698967e+03
-6.18992417478019e+03
-1.14290082957922e+05
6.63557830039415e+02
-1.80808990462781e+03
-1.13120316967518e+05
0.00000000000000e+00
7.20501167021724e+02
-1.12602611288647e+05
0.00000000000000e+00
4.36059911052861e+03
-8.43528991566847e+04
-1.49452660542717e+02
-1.98933006237125e+03
-8.45789265615772e+04
-1.26268533308082e+03
-4.64189205928669e+03
-1.06957333213517e+05
-7.27265972362036e+02
9.72346447714104e+00
-1.17511078468716e+05
-9.41335614602158e+01
8.98674353150431e+02
-1.19087955635872e+05
-1.34263751373630e+02
-3.72398270020236e+02
-1.21110013196924e+05
-6.50934186031006e+00
4.67174905914868e+02
-1.22295505601035e+05
5.74274198032325e+01
-1.45456961855702e+03
-1.23196464513480e+05
1.54069847370010e+02
-3.20313794572033e+03
-1.24976624860525e+05
8.29521009190575e+01
-9.32369982558641e+02
-1.26223534795510e+05
0.00000000000000e+00
3.69249061470311e+02
-1.26306078432153e+05
0.00000000000000e+00
0.00000000000000e+00
-9.46354219960460e+04
-4.91460032296633e+02
0.00000000000000e+00
-9.45579860055737e+04
-1.30563895363781e+03
0.00000000000000e+00
-1.09672974771941e+05
-9.18888549987812e+02
0.00000000000000e+00
-1.17394570305649e+05
-2.94045873176049e+02
0.00000000000000e+00
-1.18678895684143e+05
1.64801083170114e+01
0.00000000000000e+00
-1.20069947985080e+05
3.55493898499754e+02
0.00000000000000e+00
-1.20329358316040e+05
6.01716649277484e+02
0.00000000000000e+00
-1.20141677678253e+05
6.61756587418904e+02
0.00000000000000e+00
-1.20417964384869e+05
3.34253476858761e+02
0.00000000000000e+00
-1.20711594706715e+05
0.00000000000000e+00
0.00000000000000e+00
-1.20538262952763e+05
0.00000000000000e+00
0.00000000000000e+00
-1.60942692725601e+05
-1.11105240299882e+03
0.00000000000000e+00
-1.60632903448273e+05
-1.97320164243581e+03
0.00000000000000e+00
-1.59777064380724e+05
-7.49226552926161e+02
0.00000000000000e+00
-1.58092113310727e+05
2.04508179188625e+03
0.00000000000000e+00
-1.47473928675342e+05
2.25367241075273e+03
0.00000000000000e+00
-1.29143400569972e+05
3.36300640089867e+02
0.00000000000000e+00
-1.19320809715087e+05
-5.05876062359186e+02
0.00000000000000e+00
-1.15794087037817e+05
-1.05441259929180e+03
0.00000000000000e+00
-1.13019678974369e+05
-5.64326426349327e+02
0.00000000000000e+00
-1.11103867180151e+05
0.00000000000000e+00
0.00000000000000e+00
-1.10248906387355e+05
0.00000000000000e+00
-1.09279056727639e+01
-1.68135391298020e+05
-2.01937240621404e+01
1.97654094417610e+02
-1.68235967730830e+05
-6.60991539423564e+01
4.29408397439509e+02
-1.68513123638309e+05
3.32932920079909e+02
-8.68669763861386e+02
-1.67458794544684e+05
2.35162041554750e+03
-4.16426911865987e+03
-1.56862608865588e+05
4.44904418391655e+03
-1.57716756838400e+03
-1.37125684669279e+05
2.95327415414915e+03
6.21968339166292e+02
-1.29826225146171e+05
1.87492227272415e+03
1.20983201037273e+03
-1.32531792514212e+05
8.26647800772979e+02
1.85778747605466e+03
-1.37241070861360e+05
4.74050398493470e+02
6.16375581076689e+02
-1.40959509766568e+05
0.00000000000000e+00
1.77384508516272e+01
-1.42127831993052e+05
0.00000000000000e+00
4.45060913252770e+01
-1.50623965560052e+05
-2.22066150285660e+03
3.23927371875039e+02
-1.49925420758757e+05
-3.90391873094124e+03
7.60845261443403e+02
-1.47422225609592e+05
-2.28463586001491e+03
-1.40175945957179e+03
-1.44516033659550e+05
8.76693260282199e+02
-6.49012508532773e+03
-1.35481827606204e+05
-5.29283931865299e+02
-2.42455881477457e+03
-1.21518138364215e+05
-2.57895144588477e+03
1.08562694494021e+03
-1.08319096261356e+05
-3.15383002438806e+03
1.85699071116478e+03
-9.50718904392980e+04
-3.07438412363918e+03
2.68124660494445e+03
-7.98534436651618e+04
-1.66525921639093e+03
8.49048300179466e+02
-6.84214455171579e+04
0.00000000000000e+00
4.18488985165130e+01
-6.45215224420973e+04
0.00000000000000e+00
4.97992602352433e+00
-1.25172152876115e+05
-9.73879741164955e+02
2.19119722336296e+02
-1.24533037333602e+05
-2.43739672470341e+03
6.86750382007139e+02
-1.23768766073768e+05
-2.27041355375151e+03
-1.11323661604374e+03
-1.23301107316828e+05
-2.40865391212437e+03
-5.93764114091552e+03
-1.20856334788489e+05
-3.89761418979328e+03
-2.27454396835317e+03
-1.13686615014626e+05
-4.88758469812300e+03
8.65660400066229e+02
-1.02507685376212e+05
-5.46175279745621e+03
9.67466058962179e+02
-8.46128460009083e+04
-4.80544140947591e+03
1.09941618150236e+03
-6.31986644437891e+04
-2.60012143519509e+03
3.39217794451692e+02
-4.81657071253427e+04
0.00000000000000e+00
7.24299708722787e+00
-4.35472282377138e+04
0.00000000000000e+00
-1.44223848532779e+02
-1.32607299246665e+05
-1.23561381443524e+03
2.06996525122217e+01
-1.31889166634315e+05
-2.60068610413017e+03
3.73622302442559e+02
-1.30435458015305e+05
-2.22968738345547e+03
-7.33865684200357e+02
-1.28979571965836e+05
-1.49608567339212e+03
-4.41381863029915e+03
-1.25239830350769e+05
-2.81320246183186e+03
-1.78294121035883e+03
-1.17295687591521e+05
-3.98404716488704e+03
4.55069330634165e+02
-1.06074104626967e+05
-4.46534983572466e+03
-3.31837847865436e+02
-8.99421384650503e+04
-4.00013179648829e+03
-9.62027650957884e+02
-7.07158408010861e+04
-2.16520372362802e+03
-3.21909750524814e+02
-5.69364249809197e+04
0.00000000000000e+00
4.25973029023852e+01
-5.26483620080023e+04
0.00000000000000e+00
-2.66940477634122e+02
-1.27827097314110e+05
-1.21281850349114e+03
-1.63031582284011e+02
-1.27159264196979e+05
-2.84131277160769e+03
1.47390398408454e+02
-1.26263775289095e+05
-2.44487281021156e+03
-3.14980186616039e+02
-1.25626245483042e+05
-2.10969836345749e+03
-3.15732262798845e+03
-1.22318205693878e+05
-3.71795816558216e+03
-1.37762352924763e+03
-1.14053316376842e+05
-4.89768007123401e+03
7.97675279254258e+01
-1.02207326742224e+05
-5.46973689917452e+03
-1.57319067811025e+03
-8.42091631945428e+04
-4.82272279856240e+03
-2.97947604552121e+03
-6.28498059530413e+04
-2.60537290759329e+03
-9.64031246390286e+02
-4.78915809366121e+04
0.00000000000000e+00
7.77288298210055e+01
-4.33013390341969e+04
0.00000000000000e+00
-3.70318498320948e+02
-1.29685146214496e+05
-5.21120531602189e+02
-3.09491834816214e+02
-1.29154384552782e+05
-1.17517854039183e+03
-1.13100530606559e+02
-1.27760900972338e+05
-1.31538326650028e+03
-1.19555919594550e+02
-1.25915648406935e+05
-1.44456296697071e+03
-1.89535910619732e+03
-1.23781144337537e+05
-2.20081958924079e+03
-9.80761702104371e+02
-1.19355670930527e+05
-2.81901344975130e+03
-2.55539682510616e+02
-1.11116221132979e+05
-3.28605583757596e+03
-2.59777125827103e+03
-9.81966854463654e+04
-3.05901929089848e+03
-4.65662933877371e+03
-8.24136284330916e+04
-1.66848648204571e+03
-1.51709941702626e+03
-7.03474186221277e+04
0.00000000000000e+00
4.72615543991261e+01
-6.62305476454103e+04
0.00000000000000e+00
-3.75047740522527e+02
-1.34430296596724e+05
1.56992063120382e+01
-3.93337383498942e+02
-1.34370152097627e+05
-1.26743451640003e+01
-3.11131487678008e+02
-1.34208797805476e+05
6.01241916835986e+01
-1.62283762147622e+02
-1.33947953494360e+05
1.77919939412540e+02
-1.32005817086701e+03
-1.33891361036744e+05
2.23129443295618e+02
-6.96133029405201e+02
-1.34366165539703e+05
2.66151000767249e+02
-2.72259778412951e+02
-1.35205315918323e+05
2.63394424699467e+02
-2.30630887102099e+03
-1.37065355671528e+05
1.91255756906282e+02
-4.18916945359452e+03
-1.40128645486326e+05
1.08633697323165e+02
-1.39699754225522e+03
-1.42547573399054e+05
0.00000000000000e+00
4.24483404233472e+01
-1.43236975087034e+05
0.00000000000000e+00
-3.51972145910979e+02
-1.22137181429169e+05
2.83320240178418e+02
-3.39308528502238e+02
-1.22955356572328e+05
4.09947681083436e+02
-2.66946046018526e+02
-1.25077672516188e+05
2.53904218742504e+02
-2.46533525215128e+02
-1.26993608785186e+05
7.90611438006249e+01
-1.00283277402630e+03
-1.28210880649437e+05
-1.98836135193827e+02
-4.70689524254636e+02
-1.28425065230442e+05
-4.57383722544258e+02
-1.21123894470883e+02
-1.27441357683185e+05
-7.01448936367174e+02
-1.41062143134005e+03
-1.25763110024304e+05
-7.67753105125456e+02
-2.57032532789999e+03
-1.24378168644325e+05
-4.24413460197915e+02
-8.49601895241706e+02
-1.23366859185425e+05
0.00000000000000e+00
3.72863298234211e+01
-1.22820489324620e+05
0.00000000000000e+00
-1.73728954399553e+02
-1.21467027544390e+05
2.88368492513368e+03
-2.20172297422742e+02
-1.22170787156272e+05
3.74847205476513e+03
-1.31398306664205e+02
-1.24148195716967e+05
2.60183326068314e+03
-1.32474223081818e+02
-1.26413313994826e+05
1.62610723411673e+03
-5.05589434931241e+02
-1.28953936413878e+05
1.32016912375540e+03
-2.33356776325003e+02
-1.30886032250393e+05
9.52937746573155e+02
-6.91972154942844e+01
-1.32036306666976e+05
6.04869848727499e+02
-7.28058201569049e+02
-1.33121710547893e+05
2.98765178468562e+02
-1.33332893008929e+03
-1.34767818528105e+05
1.39006235503657e+02
-4.41487487148365e+02
-1.35995117475011e+05
0.00000000000000e+00
1.41738635538719e+01
-1.36251758766749e+05
0.00000000000000e+00
0.00000000000000e+00
-1.21547947214406e+05
1.57975806550933e+03
0.00000000000000e+00
-1.22432723825188e+05
2.12072300711926e+03
0.00000000000000e+00
-1.24658898073995e+05
1.50214116942100e+03
0.00000000000000e+00
-1.26805629606042e+05
9.18146704295725e+02
0.00000000000000e+00
-1.28707706039156e+05
6.21162347372654e+02
0.00000000000000e+00
-1.29807298419481e+05
3.05783316619061e+02
0.00000000000000e+00
-1.29986577351600e+05
3.71828966043544e+00
0.00000000000000e+00
-1.29894565674909e+05
-1.95435550974573e+02
0.00000000000000e+00
-1.30333808522367e+05
-1.22017973077515e+02
0.00000000000000e+00
-1.30685433506888e+05
0.00000000000000e+00
0.00000000000000e+00
-1.30616234578974e+05
0.00000000000000e+00
0.00000000000000e+00
-1.95915397311277e+05
-1.75121582629269e+03
0.00000000000000e+00
-1.96058418597231e+05
-4.03084159988100e+03
0.00000000000000e+00
-1.97372939793718e+05
-5.88875746037221e+03
0.00000000000000e+00
-2.01598764919952e+05
-8.97673320934627e+03
0.00000000000000e+00
-1.91714688493448e+05
-1.34942260977639e+04
0.00000000000000e+00
-1.48742971566568e+05
-7.27789739493405e+03
0.00000000000000e+00
-1.29951464438331e+05
-5.52435259127773e+03
0.00000000000000e+00
-1.22259371959426e+05
-3.74144796757627e+03
0.00000000000000e+00
-1.20077036053471e+05
-2.18850734798065e+03
0.00000000000000e+00
-1.18265214852266e+05
0.00000000000000e+00
0.00000000000000e+00
-1.17370836520322e+05
0.00000000000000e+00
-5.19336541067853e+01
-2.18055334185930e+05
-9.31864177902293e+02
1.06962327608201e+02
-2.18090620696751e+05
-2.43768911554991e+03
-1.47358809496836e+02
-2.17621844683550e+05
-3.41309433707220e+03
9.37985392706450e+01
-2.18063226011399e+05
-5.22307170916065e+03
-2.74620369684612e+03
-2.12818415224353e+05
-1.14812849523795e+04
-3.16964310631077e+03
-1.64521062089332e+05
-1.11422316778939e+03
6.07768822506716e+02
-1.42545719457521e+05
2.08802766045588e+03
1.18476155294791e+03
-1.39115189157567e+05
3.59231386910223e+03
1.97140070201302e+03
-1.44068842002972e+05
2.05995331253477e+03
2.85392471192167e+02
-1.47706201028811e+05
0.00000000000000e+00
2.01320487927157e+02
-1.48867823784693e+05
0.00000000000000e+00
-1.44939801614653e+02
-1.65449965718598e+05
-2.72790732630704e+03
2.11920014387444e+02
-1.65337534559069e+05
-5.87357507957215e+03
1.13876536108711e+03
-1.69650427819696e+05
-9.36104904223097e+03
2.20703880753684e+02
-1.80138275559168e+05
-1.46003464465906e+04
-6.98660282705705e+03
-1.63472210329942e+05
-1.73345621150375e+04
-4.69345085070562e+03
-1.30208569525718e+05
-1.57839033550581e+04
9.51675262487105e+02
-1.16508244011130e+05
-1.56246956328360e+04
1.85601237604195e+03
-1.01381713014521e+05
-1.33654619947030e+04
3.01335576716758e+03
-8.71738715708664e+04
-7.78371740050441e+03
3.84381327087034e+02
-7.61167185792067e+04
0.00000000000000e+00
3.03878702384800e+02
-7.20070471760547e+04
0.00000000000000e+00
-1.40287886877500e+03
-1.31256539885583e+05
1.20174127411682e+02
2.85657754117476e+02
-1.29768576471324e+05
1.81256659544693e+03
2.40999816909809e+03
-1.34529169032671e+05
-5.29198879066518e+03
5.92362078634756e+02
-1.50172988178375e+05
-1.48202624012723e+04
-8.54130069170313e+03
-1.30553262300850e+05
-1.51925527786715e+04
-4.21723668161357e+03
-1.19788587699953e+05
-1.80123176444725e+04
1.27597215617641e+03
-1.08481246759367e+05
-2.00362356559663e+04
9.41834693208646e+02
-9.12229333087632e+04
-1.81229189419490e+04
1.74465695766834e+03
-7.09390493333416e+04
-1.04222401032667e+04
2.33353505679161e+01
-5.61158349202392e+04
0.00000000000000e+00
3.01357525015635e+02
-5.09114199109953e+04
0.00000000000000e+00
-2.78972665246540e+03
-1.41269900692277e+05
-7.63748820438969e+02
4.67134319722950e+01
-1.40072175479748e+05
-7.55575721092694e+02
3.13361965257011e+03
-1.43840974142158e+05
-6.24092877684216e+03
1.22860990990830e+02
-1.55411262639058e+05
-1.38311399443354e+04
-7.11732536167327e+03
-1.39342794915542e+05
-1.50350598327149e+04
-3.23217825157382e+03
-1.24162350214025e+05
-1.65727683585507e+04
8.33771765770012e+02
-1.12647504063608e+05
-1.79335083441546e+04
-2.24392567989157e+02
-9.64318968620823e+04
-1.60326298122583e+04
6.83117239297219e+01
-7.82735789935296e+04
-9.27288443573946e+03
-2.73937048282645e+02
-6.47751033096533e+04
0.00000000000000e+00
2.61172912031902e+02
-6.00503085359646e+04
0.00000000000000e+00
-4.19527849634519e+03
-1.34757438999589e+05
-6.87626262333477e+01
-1.50884218161161e+02
-1.33380954000586e+05
1.35235738620832e+03
4.26224436547731e+03
-1.38660047102652e+05
-6.01863370038208e+03
4.50067692547548e+00
-1.55586096624955e+05
-1.59626948774870e+04
-6.88494116338770e+03
-1.34404751947313e+05
-1.62864290685506e+04
-2.33469630214412e+03
-1.20422050936427e+05
-1.84679403956191e+04
6.54769462161307e+02
-1.08369394562449e+05
-2.02057656770023e+04
-1.37525283412108e+03
-9.07840448274063e+04
-1.81192522903610e+04
-1.48552000632415e+03
-7.05842459432490e+04
-1.04025689642469e+04
-5.74771844821625e+02
-5.58343314951974e+04
0.00000000000000e+00
2.54629548361140e+02
-5.06637670056691e+04
0.00000000000000e+00
-5.37606176030370e+03
-1.37553761110622e+05
-9.95373691573037e+02
-2.11722039024030e+02
-1.36814405241101e+05
-1.59820305269215e+03
4.55392447568159e+03
-1.36897379359928e+05
-4.01112900331360e+03
-3.50782119026853e+02
-1.36862254549988e+05
-7.49643798284358e+03
-5.61587655630158e+03
-1.32519267374639e+05
-9.76749684968457e+03
-1.56711205118297e+03
-1.26083122858075e+05
-1.26205657053209e+04
3.59251663704626e+02
-1.17536037112263e+05
-1.44791274923488e+04
-2.32539210297888e+03
-1.04721809972006e+05
-1.33760368970899e+04
-3.03011804041875e+03
-8.97741048730052e+04
-7.92176979303742e+03
-9.35028210495944e+02
-7.80722436204028e+04
0.00000000000000e+00
1.92037421063435e+02
-7.37418442699721e+04
0.00000000000000e+00
-5.89686251815535e+03
-1.40730646132552e+05
-8.30823138220227e+01
-1.90388233361609e+01
-1.40683677922987e+05
-2.77529303275588e+01
4.14635288651064e+03
-1.40628562915364e+05
8.03836324478793e+01
-5.11560477385358e+02
-1.40196499382516e+05
2.65398529932426e+02
-4.39861592708467e+03
-1.40519624698285e+05
6.92080371250296e+02
-1.08983418721467e+03
-1.41294798902544e+05
1.27315139234055e+03
1.96692706753446e+02
-1.42103602427636e+05
1.79536464412323e+03
-2.06672012303570e+03
-1.44011956607247e+05
1.89665195065034e+03
-2.80848606925855e+03
-1.46944336359722e+05
1.13644647909419e+03
-8.37838716474532e+02
-1.49303819912492e+05
0.00000000000000e+00
1.03319545262182e+02
-1.50086311247825e+05
0.00000000000000e+00
-6.02908075666839e+03
-1.32691170791892e+05
8.05947505625145e+02
3.09283218399171e+02
-1.33736763178680e+05
1.22755593960006e+03
3.56083307201140e+03
-1.33956262389682e+05
9.31574018669393e+02
-6.67893444405218e+02
-1.34388728579190e+05
-8.65974147859439e+01
-3.13258356849613e+03
-1.35441955405813e+05
-9.96685035508333e+02
-7.17228093758439e+02
-1.35296163258430e+05
-1.87531644087602e+03
1.37398919508959e+02
-1.34163678264447e+05
-2.34182648703462e+03
-1.26033038528055e+03
-1.32598936010849e+05
-2.15104343224112e+03
-1.69434248590809e+03
-1.31357800870070e+05
-1.30754501590745e+03
-5.12792908078488e+02
-1.30400397076557e+05
0.00000000000000e+00
9.08921237057149e+01
-1.29904695185035e+05
0.00000000000000e+00
-3.77691665404691e+03
-1.52780513376944e+05
-3.31260067764103e+02
4.22966167259890e+02
-1.54136868650709e+05
9.32960985774911e+02
2.01551125200148e+03
-1.36932351216483e+05
2.77936923881125e+03
-3.89751397993282e+02
-1.32797994867489e+05
3.42622828127593e+03
-1.61390408201116e+03
-1.35869469149028e+05
2.52776509411350e+03
-3.50910797616375e+02
-1.37816451455993e+05
1.90577929570787e+03
5.28103911840357e+01
-1.38828075028692e+05
1.47882591274162e+03
-6.57637975932074e+02
-1.40026002826663e+05
1.12838303072050e+03
-8.92306394819192e+02
-1.41637890026784e+05
5.76973000047587e+02
-2.66145249802117e+02
-1.42854367673860e+05
0.00000000000000e+00
3.81086631470682e+01
-1.43184156481430e+05
0.00000000000000e+00
0.00000000000000e+00
-1.43746334273091e+05
2.82005270640614e+02
0.00000000000000e+00
-1.45523554595729e+05
1.12422136014131e+03
0.00000000000000e+00
-1.35734998961788e+05
1.86459046618370e+03
0.00000000000000e+00
-1.33581026013717e+05
1.73494244622110e+03
0.00000000000000e+00
-1.35786669844836e+05
8.87337762988992e+02
0.00000000000000e+00
-1.36717143760310e+05
1.91078935442840e+02
0.00000000000000e+00
-1.36742590311241e+05
-2.14190641569801e+02
0.00000000000000e+00
-1.36772504361757e+05
-3.01336009666648e+02
0.00000000000000e+00
-1.37252037602398e+05
-2.40178185248682e+02
0.00000000000000e+00
-1.37619889007173e+05
0.00000000000000e+00
0.00000000000000e+00
-1.37621387552311e+05
0.00000000000000e+00
0.00000000000000e+00
-2.05041128912541e+05
-8.66752172445664e+02
0.00000000000000e+00
-2.05522653461906e+05
-1.65746847463121e+03
0.00000000000000e+00
-2.07250889036813e+05
-4.38711629004952e+03
0.00000000000000e+00
-2.10157127659505e+05
-6.81687215875105e+03
0.00000000000000e+00
-2.17922930302544e+05
-1.87717569328652e+04
0.00000000000000e+00
-3.13600719919154e+05
-1.19997022369921e+04
0.00000000000000e+00
-3.39486828840820e+05
-7.71519065322966e+03
0.00000000000000e+00
-3.42457503517683e+05
-4.43636885034557e+03
0.00000000000000e+00
-3.45514587164915e+05
-2.07509197845306e+03
0.00000000000000e+00
-3.45822969752166e+05
0.00000000000000e+00
0.00000000000000e+00
-3.45946260167464e+05
0.00000000000000e+00
-8.99855049140056e+00
-2.24079071350886e+05
-8.02740083993584e+02
-1.24359594896894e+02
-2.23967231673934e+05
-1.52633613279694e+03
-3.12094078895971e+02
-2.23928075522951e+05
-2.98706325867560e+03
-1.14424937684945e+02
-2.24637122016139e+05
-4.18228937054615e+03
1.52736494763353e+03
-2.29190763772504e+05
-1.69148943884291e+04
2.00137432590913e+04
-3.26293611269398e+05
-8.74360883218480e+03
-4.60105136820840e+03
-3.53464061794488e+05
-2.96853257057752e+03
5.13715474149905e+03
-3.57938209135057e+05
1.16526666893489e+02
3.33133860110417e+03
-3.64601989462122e+05
6.64612001576312e+02
2.21482286744890e+03
-3.67725367841985e+05
0.00000000000000e+00
-2.70067986619057e+01
-3.69002259825381e+05
0.00000000000000e+00
-1.19429021871948e+02
-1.78406241739618e+05
-1.05634890068343e+03
-9.65071154233681e+01
-1.79624430755663e+05
-2.14040670329471e+03
-2.97831211807571e+02
-1.84469884914598e+05
-6.32487763091408e+03
-9.69167568052867e+01
-1.91223191289632e+05
-1.01106933398260e+04
2.86856714807821e+03
-2.03229911854063e+05
-2.19276382663245e+04
3.94841280185077e+04
-2.98581144702540e+05
-1.66139453582206e+04
-9.99296968866403e+03
-3.23526986330216e+05
-1.38241650341434e+04
8.40073966985782e+03
-3.23442320640164e+05
-1.00985032502725e+04
4.27777997966346e+03
-3.18899572360891e+05
-5.46868172885625e+03
3.23281063189702e+03
-3.13263108499954e+05
0.00000000000000e+00
-1.69059005605764e+02
-3.11155003536297e+05
0.00000000000000e+00
1.20520383384396e+01
-3.84559753617637e+05
-9.37621994409909e+02
4.35350715731723e+02
-3.84993212521076e+05
-2.41518019015958e+03
2.43861105797079e+03
-3.88607880439180e+05
-7.27352133279008e+03
-1.29883528462494e+03
-3.89598013159466e+05
-1.26015504011974e+04
6.42680395031310e+03
-3.79708441444715e+05
-1.37828531851160e+04
3.87390078165042e+04
-3.52373357268748e+05
-1.56276734600256e+04
-1.24385276871320e+04
-3.35314682473025e+05
-1.58776470736312e+04
4.93834896603574e+03
-3.21547187941148e+05
-1.32765015800262e+04
6.21978952632096e+02
-3.07271706333533e+05
-7.56718188198219e+03
1.21758958311837e+03
-2.97229918772365e+05
0.00000000000000e+00
-2.45038356176570e+02
-2.93588170229997e+05
0.00000000000000e+00
-2.63587551258448e+02
-3.27519538299596e+05
-1.14103128115595e+03
1.44038305756302e+03
-3.28074880063653e+05
-2.74002177321783e+03
4.97854324108072e+03
-3.31661891565006e+05
-7.18462322073876e+03
-1.32459427216067e+03
-3.35696220275393e+05
-1.22357055071585e+04
-9.42343382105778e+02
-3.32611118493756e+05
-1.61896443785049e+04
2.80142816775964e+04
-3.36651586390644e+05
-1.54213276613098e+04
-1.37120013575205e+04
-3.31604194272119e+05
-1.46712716486308e+04
6.58724223187703e+01
-3.23420023646176e+05
-1.17786679248447e+04
-3.44429018093665e+03
-3.12249889304579e+05
-6.64217431460578e+03
-1.14007806035543e+03
-3.03964886064894e+05
0.00000000000000e+00
-2.82301501342766e+02
-3.00894047771093e+05
0.00000000000000e+00
-3.49836927979656e+02
-3.62760982912453e+05
-9.15698965360238e+02
2.39965756815875e+03
-3.63423732155514e+05
-2.40128256128483e+03
8.21963104654701e+03
-3.67665472569344e+05
-7.64658213114813e+03
-1.66796743740889e+03
-3.70112453658324e+05
-1.33936448628541e+04
-5.02693117581904e+03
-3.62054258674878e+05
-1.56760210923716e+04
2.05954533477083e+04
